2
3
5
8
10
12
13
16
18
21
22
24
25
26
28
30
31
32
33
34
35
36
37
38
40
41
42
43
44
46
47
48
49
50
51
52
55
57
58
59
60
61
62
63
64
65
69
71
72
73
77
78
79
80
81
83
84
87
88
90
91
92
93
94
95
96
98
100
101
102
105
106
107
108
112
113
114
115
116
117
119
120
122
123
124
125
126
128
129
130
131
132
133
134
135
137
138
139
140
141
142
143
144
147
149
150
151
152
153
155
156
157
159
160
161
162
164
165
166
167
169
170
171
172
173
174
175
176
177
179
181
182
183
184
185
186
187
188
191
195
199
205
206
207
208
209
213
215
216
217
218
219
222
223
227
229
231
234
237
238
240
245
247
250
252
253
255
256
259
261
263
269
271
277
278
280
284
286
287
289
296
299
300
301
302
303
304
306
308
309
310
312
313
314
315
316
318
319
320
321
322
323
324
325
326
327
328
330
331
332
335
336
337
339
340
342
343
344
346
347
350
352
355
356
357
359
361
363
365
366
367
368
369
370
371
373
374
376
378
379
381
383
384
385
386
387
390
392
393
394
396
397
400
402
404
405
406
407
408
409
410
411
412
413
414
415
416
417
418
421
422
423
424
425
426
427
428
429
430
431
432
433
434
435
436
437
438
439
440
441
442
443
444
445
446
447
449
451
452
453
455
456
457
458
459
461
465
466
469
470
471
472
473
474
475
476
477
478
479
480
481
482
484
485
486
487
488
489
490
491
492
493
495
497
498
499
501
502
503
504
505
506
507
508
509
512
513
514
516
517
518
519
520
521
522
523
524
525
526
527
528
529
530
531
532
533
534
535
536
537
538
539
540
541
542
543
544
545
546
547
548
549
550
551
552
553
554
555
556
557
558
559
560
561
562
563
564
567
568
569
570
571
572
573
574
575
576
577
578
579
580
581
582
583
585
586
587
588
590
591
594
595
596
597
598
599
600
601
604
605
606
607
609
610
611
612
613
615
616
617
618
619
620
622
623
624
625
626
627
628
630
631
632
633
635
636
638
640
641
642
643
644
645
646
647
649
650
651
652
653
654
655
656
657
658
659
662
663
665
666
667
668
669
670
671
672
673
675
676
677
680
681
682
683
686
687
688
689
690
692
694
695
696
697
698
699
700
701
702
703
704
705
706
707
708
710
711
712
713
714
715
717
718
719
720
721
726
728
729
730
735
736
738
740
741
743
746
748
749
752
753
755
757
759
763
766
771
773
774
781
783
784
787
788
791
796
798
799
800
801
802
804
805
806
808
809
810
813
816
817
818
821
822
823
824
826
827
828
829
832
834
838
841
842
844
848
851
852
853
854
856
858
859
860
861
862
863
864
865
866
867
868
869
870
871
872
873
874
875
877
878
879
880
881
882
883
884
885
886
887
888
889
890
891
892
893
894
895
896
897
898
899
900
901
902
903
904
905
907
908
909
910
911
912
913
914
915
916
917
918
919
920
921
922
923
925
927
928
929
930
931
933
934
936
937
938
939
940
941
943
944
945
946
947
948
949
950
951
953
954
956
959
960
961
963
964
965
966
968
969
970
971
972
976
977
978
979
980
981
982
983
984
985
986
987
988
989
990
991
993
994
995
996
999
1000
